3 73 1 
-999
-999
0.766
0.865
0.823
0.7605
0.847
0.822
0.843
-999
0.7985
0.7475
0.837
0.858
0.832
-999
0.775
-999
0.8465
0.864
-999
0.862
0.8365
0.8785
0.882
-999
0.8675
-999
0.844
0.8735
0.8565
-999
0.8485
0.847
-999
-999
0.8585
0.8085
0.832
-999
-999
0.8385
0.8345
-999
0.829
-999
-999
-999
0.84
-999
0.851
0.7865
0.8125
0.4415
0.8065
0.731
0.809
0.721
0.6835
-999
0.769
0.743
0.742
0.688
0.7035
-999
-999
0.774
0.7975
0.4335
0.7905
0.862
0.815
-999
-999
0.792
0.6645
-999
0.546
0.8375
-999
0.828
0.839
-999
-999
0.8195
-999
0.716
0.8485
-999
-999
0.873
0.812
-999
-999
0.917
-999
0.8705
-999
-999
0.8555
0.437
-999
0.824
-999
0.855
-999
0.8845
-999
0.84
0.6955
0.726
-999
0.8685
0.808
-999
0.799
-999
0.846
0.7585
0.852
0.8115
0.782
0.7685
0.766
0.8
0.763
0.727
0.6165
0.665
0.721
0.7495
-999
-999
-999
0.7785
0.784
-999
-999
-999
0.7835
0.831
0.873
0.911
0.838
0.8755
0.862
0.8335
0.8715
0.873
0.8125
0.8455
0.829
-999
-999
-999
0.8305
-999
0.874
-999
0.826
-999
0.863
0.859
0.778
-999
0.873
0.8545
0.836
0.827
-999
0.8275
0.869
-999
0.8015
0.853
0.8395
-999
0.8265
-999
0.826
-999
0.81
-999
0.8275
0.768
0.7715
0.622
-999
-999
0.8125
0.757
0.695
-999
-999
0.7605
0.751
0.746
0.7015
-999
0.717
0.7
-999
-999
0.609
-999
-999
0.7765
-999
-999
0.828
0.8045
-999
-999
-999
0.6495
-999
-999
-999
