3 73 1 
-999
-999
0.6495
0.532
0.5155
0.4655
0.504
0.466
0.5
-999
0.515
0.481
0.5135
0.5085
0.4725
-999
0.509
-999
0.4895
0.473
-999
0.468
0.58
0.4815
0.238
-999
0.4755
-999
0.4575
0.4685
0.461
-999
0.388
0.481
-999
-999
0.4395
0.425
0.435
-999
-999
0.423
0.437
-999
0.577
-999
-999
-999
0.4715
-999
0.563
0.4775
0.466
0.3495
0.4695
0.4215
0.5145
0.422
0.391
-999
0.4605
0.4165
0.411
0.4015
0.4205
-999
-999
0.433
0.4585
0.2705
0.492
0.589
0.522
-999
-999
0.4845
0.4475
-999
0.3325
0.534
-999
0.4925
0.5505
-999
-999
0.496
-999
0.5615
0.5495
-999
-999
0.4855
0.4005
-999
-999
0.494
-999
0.5455
-999
-999
0.593
0.376
-999
0.4195
-999
0.524
-999
0.4755
-999
0.4655
0.3515
0.317
-999
0.4825
0.462
-999
0.463
-999
0.459
0.4805
0.4595
0.44
0.5305
0.443
0.424
0.446
0.4615
0.4015
0.369
0.352
0.3995
0.44
-999
-999
-999
0.4445
0.4805
-999
-999
-999
0.517
0.596
0.6065
0.684
0.597
0.614
0.5975
0.5395
0.589
0.542
0.559
0.5405
0.505
-999
-999
-999
0.3635
-999
0.539
-999
0.549
-999
0.4965
0.4795
0.541
-999
0.49
0.47
0.4955
0.4525
-999
0.498
0.4785
-999
0.424
0.4435
0.4545
-999
0.413
-999
0.4265
-999
0.52
-999
0.4215
0.389
0.389
0.3815
-999
-999
0.402
0.443
0.371
-999
-999
0.3865
0.4065
0.3955
0.3535
-999
0.365
0.361
-999
-999
0.455
-999
-999
0.511
-999
-999
0.5495
0.4915
-999
-999
-999
0.466
-999
-999
-999
