3 73 1 
-999
-999
0.8135
0.585
0.581
0.588
0.547
0.5175
0.538
-999
0.59
0.561
0.586
0.543
0.517
-999
0.609
-999
0.5385
0.514
-999
0.5185
0.6765
0.5085
0.261
-999
0.523
-999
0.494
0.495
0.495
-999
0.467
0.5555
-999
-999
0.468
0.4675
0.4685
-999
0.3635
0.479
0.4685
-999
0.697
-999
-999
-999
0.5265
-999
0.673
0.559
0.5145
0.5025
0.5295
0.4625
0.6095
0.4775
0.425
-999
0.506
0.446
0.439
0.4305
0.4625
-999
-999
0.461
0.4935
0.3445
0.542
0.697
0.605
-999
-999
0.5275
0.565
-999
0.4955
0.6305
-999
0.5295
0.6395
-999
-999
0.5575
-999
0.71
0.643
-999
-999
0.515
0.4915
-999
-999
0.531
-999
0.6045
-999
-999
0.7775
0.574
-999
0.4835
-999
0.584
-999
0.5005
0.4215
0.497
0.492
0.376
-999
0.5115
0.558
-999
0.557
-999
0.5165
0.579
0.494
0.476
0.6555
0.4825
0.47
0.474
0.5405
0.4405
0.4485
0.357
0.44
0.4775
-999
-999
-999
0.476
0.5305
-999
-999
-999
0.646
0.6965
0.673
0.758
0.6775
0.71
0.683
0.5975
0.67
0.5725
0.6535
0.584
0.568
-999
-999
-999
0.429
-999
0.5825
-999
0.635
-999
0.5385
0.508
0.6645
-999
0.5245
0.5
0.545
0.496
-999
0.572
0.513
-999
0.4645
0.4645
0.5015
-999
0.437
-999
0.4575
-999
0.69
-999
0.45
0.443
0.422
0.4135
-999
-999
0.4275
0.5225
0.468
-999
-999
0.415
0.436
0.427
0.387
-999
0.396
0.3835
0.326
-999
0.557
-999
-999
0.589
-999
-999
0.6375
0.5325
-999
-999
-999
0.529
-999
-999
-999
