3 73 1 
0.788
0.788
-999
-999
0.867
0.883
0.88
0.865
0.829
0.835
0.855
0.871
0.799
-999
0.888
0.841
-999
0.855
0.858
0.866
-999
0.865
0.82
0.854
0.819
-999
0.856
-999
0.836
0.883
0.888
-999
0.891
-999
0.882
0.909
0.86
0.861
-999
0.899
-999
0.847
0.89
-999
0.89
0.871
0.88
-999
-999
0.855
-999
0.844
-999
-999
-999
0.805
0.846
0.835
0.832
-999
0.84
-999
0.845
0.816
-999
0.752
-999
-999
-999
0.865
0.862
0.846
0.867
0.87
0.868
0.88
0.651
-999
-999
0.874
0.833
0.864
0.854
0.87
-999
0.895
-999
-999
-999
-999
-999
-999
-999
-999
-999
0.772
0.821
0.881
-999
0.866
0.885
0.779
-999
-999
0.854
0.893
0.89
-999
0.911
-999
0.871
0.889
0.898
-999
0.885
0.762
0.882
0.896
0.882
0.88
-999
0.85
0.864
-999
0.823
0.868
-999
0.864
0.851
0.809
-999
0.759
0.564
-999
-999
-999
-999
-999
-999
-999
0.85
-999
0.806
0.827
-999
-999
-999
-999
0.861
-999
0.872
-999
0.847
0.851
-999
0.865
-999
0.849
0.879
0.839
0.887
0.89
-999
0.885
0.866
-999
0.876
0.35
0.879
0.848
-999
-999
-999
0.668
0.858
0.843
0.877
-999
0.852
-999
-999
0.863
-999
0.888
0.878
0.775
0.87
0.845
0.859
-999
-999
-999
-999
0.823
0.827
-999
-999
0.804
0.848
-999
-999
-999
0.826
-999
0.794
-999
-999
-999
-999
0.714
-999
-999
0.806
-999
0.891
-999
0.832
-999
-999
0.859
