3 73 1 
0.538
0.53
-999
-999
0.556
0.567
0.549
0.551
0.547
0.583
0.515
0.501
0.498
-999
0.591
0.476
-999
0.522
0.592
0.563
-999
0.631
0.168
0.56
0.494
-999
0.497
-999
0.504
0.477
0.512
-999
0.532
-999
0.502
0.498
0.436
0.494
-999
0.493
-999
0.393
0.522
-999
0.527
0.555
0.489
-999
-999
0.57
-999
0.518
-999
-999
-999
0.559
0.583
0.553
0.59
-999
0.54
-999
0.595
0.527
-999
0.496
-999
-999
-999
0.558
0.531
0.53
0.549
0.553
0.527
0.556
0.511
-999
-999
0.566
0.563
0.516
0.548
0.563
-999
0.601
-999
-999
-999
-999
-999
-999
-999
-999
-999
0.564
0.496
0.487
-999
0.533
0.489
0.339
-999
-999
0.506
0.495
0.516
-999
0.493
-999
0.492
0.493
0.525
-999
0.568
0.422
0.435
0.533
0.545
0.596
-999
0.58
0.571
-999
0.521
0.547
-999
0.566
0.546
0.481
-999
0.517
0.446
-999
-999
-999
-999
-999
-999
-999
0.549
-999
0.588
0.53
-999
-999
-999
-999
0.555
-999
0.571
-999
0.55
0.564
-999
0.538
-999
0.56
0.524
0.509
0.523
0.54
-999
0.582
0.476
-999
0.59
0.308
0.5
0.502
-999
-999
-999
0.378
0.476
0.474
0.467
-999
0.518
-999
-999
0.508
-999
0.467
0.466
0.169
0.465
0.54
0.456
-999
-999
-999
-999
0.523
0.498
-999
-999
0.529
0.509
-999
-999
-999
0.549
-999
0.507
-999
-999
-999
-999
0.404
-999
-999
0.527
-999
0.664
-999
0.56
-999
-999
0.544
