3 73 1 
0.633
0.632
-999
-999
0.623
0.623
0.616
0.624
0.64
0.691
0.567
0.542
0.589
-999
0.664
0.546
-999
0.603
0.7
0.64
-999
0.759
0.192
0.644
0.591
-999
0.551
-999
0.594
0.516
0.571
-999
0.597
-999
0.558
0.53
0.495
0.549
-999
0.525
-999
0.434
0.581
-999
0.599
0.635
0.553
-999
-999
0.658
-999
0.592
-999
-999
-999
0.684
0.692
0.642
0.723
-999
0.616
-999
0.689
0.597
-999
0.619
-999
-999
-999
0.615
0.591
0.591
0.604
0.628
0.614
0.616
0.747
-999
-999
0.624
0.636
0.556
0.634
0.625
-999
0.653
-999
-999
-999
-999
-999
-999
-999
-999
-999
0.625
0.588
0.533
-999
0.59
0.536
0.371
-999
-999
0.601
0.539
0.583
-999
0.534
-999
0.567
0.542
0.585
-999
0.657
0.48
0.5
0.598
0.603
0.667
-999
0.685
0.662
-999
0.601
0.6
-999
0.627
0.647
0.53
-999
0.636
0.557
-999
-999
-999
-999
-999
-999
-999
0.634
-999
0.703
0.587
-999
-999
-999
-999
0.652
-999
0.644
-999
0.62
0.641
-999
0.588
-999
0.66
0.565
0.555
0.571
0.581
-999
0.649
0.525
-999
0.671
0.398
0.547
0.556
-999
-999
-999
0.411
0.538
0.542
0.526
-999
0.625
-999
-999
0.582
-999
0.501
0.511
0.195
0.522
0.61
0.497
-999
-999
-999
-999
0.624
0.594
-999
-999
0.608
0.6
-999
-999
-999
0.644
-999
0.593
-999
-999
-999
-999
0.478
-999
-999
0.626
-999
0.751
-999
0.66
-999
-999
0.629
