3 73 1 
-999
0.584
0.586
0.564
0.602
0.557
0.545
-999
0.505
0.533
0.537
0.514
0.509
0.532
0.503
-999
0.464
0.521
0.368
0.51
0.323
0.502
0.534
0.456
0.412
-999
0.442
0.45
0.447
-999
0.423
0.443
0.323
-999
0.325
0.44
-999
0.428
0.416
0.312
0.396
0.4
0.377
-999
0.393
0.396
-999
-999
0.381
0.433
0.373
-999
0.292
-999
-999
0.401
-999
0.417
-999
0.431
-999
0.459
0.481
-999
-999
-999
-999
-999
-999
0.602
-999
0.576
0.599
-999
0.542
0.399
-999
-999
0.56
0.588
0.568
-999
-999
-999
-999
-999
0.446
0.602
-999
0.538
0.467
0.487
-999
-999
-999
0.567
0.495
0.455
-999
-999
0.482
0.442
0.463
0.451
0.42
0.423
-999
0.446
0.428
0.42
0.393
0.319
-999
0.427
0.377
-999
0.424
0.4
0.388
-999
0.432
0.427
0.432
0.434
0.412
0.404
0.453
0.42
0.343
-999
0.424
-999
-999
-999
-999
-999
-999
-999
-999
0.557
-999
0.073
0.599
0.56
-999
0.64
-999
-999
-999
0.591
0.615
0.569
-999
-999
-999
-999
0.517
-999
-999
-999
-999
0.559
0.509
0.49
0.312
0.537
0.502
0.491
-999
-999
0.479
0.464
0.463
-999
0.424
0.412
0.32
0.387
0.34
-999
0.354
-999
-999
0.439
0.42
0.416
0.346
0.421
-999
0.295
0.412
-999
0.368
0.01
-999
0.409
0.389
0.381
-999
-999
0.424
0.381
-999
-999
-999
0.483
-999
-999
-999
-999
0.475
-999
0.569
-999
0.54
-999
-999
-999
-999
