3 73 1 
-999
0.888
0.871
0.887
0.86
0.862
0.887
-999
0.818
0.875
0.887
0.84
0.855
0.867
0.865
-999
0.872
0.887
0.492
0.859
0.324
0.87
0.844
0.871
0.834
-999
0.822
0.848
0.887
-999
0.84
0.816
0.769
-999
0.534
0.847
-999
0.871
0.863
0.602
0.792
0.832
0.77
-999
0.782
0.792
-999
-999
0.794
0.678
0.746
-999
0.366
-999
-999
0.69
-999
0.735
-999
0.73
-999
0.794
0.8
-999
-999
-999
-999
-999
-999
0.877
-999
0.847
0.887
-999
0.863
0.746
-999
-999
0.881
0.871
0.842
-999
-999
-999
-999
-999
0.749
0.879
-999
0.872
0.82
0.879
-999
-999
-999
0.752
0.91
0.848
-999
-999
0.847
0.832
0.902
0.896
0.854
0.88
-999
0.895
0.895
0.833
0.785
0.573
-999
0.855
0.786
-999
0.864
0.736
0.76
-999
0.863
0.743
0.84
0.759
0.793
0.762
0.794
0.769
0.565
-999
0.785
-999
-999
-999
-999
-999
-999
-999
-999
0.749
-999
0.064
0.887
0.849
-999
0.854
-999
-999
-999
0.896
0.895
0.895
-999
-999
-999
-999
0.636
-999
-999
-999
-999
0.853
0.879
0.88
0.621
0.879
0.895
0.863
-999
-999
0.863
0.856
0.887
-999
0.844
0.808
0.619
0.756
0.569
-999
0.723
-999
-999
0.761
0.871
0.864
0.741
0.872
-999
0.416
0.856
-999
0.751
0.007
-999
0.818
0.762
0.746
-999
-999
0.778
0.668
-999
-999
-999
0.694
-999
-999
-999
-999
0.607
-999
0.871
-999
0.74
-999
-999
-999
-999
