3 73 1 
-999
0.639
0.7
0.611
0.718
0.607
0.584
-999
0.567
0.593
0.597
0.579
0.589
0.596
0.55
-999
0.543
0.569
0.574
0.582
0.595
0.556
0.649
0.498
0.475
-999
0.518
0.502
0.486
-999
0.478
0.477
0.411
-999
0.409
0.476
-999
0.447
0.443
0.361
0.47
0.424
0.439
-999
0.44
0.416
-999
-999
0.404
0.578
0.408
-999
0.368
-999
-999
0.508
-999
0.463
-999
0.491
-999
0.497
0.534
-999
-999
0.348
-999
-999
-999
0.674
-999
0.666
0.669
-999
0.607
0.564
-999
-999
0.622
0.658
0.665
-999
-999
-999
-999
-999
0.561
0.714
-999
0.596
0.558
0.526
-999
-999
-999
0.752
0.537
0.498
-999
-999
0.588
0.519
0.497
0.478
0.462
0.452
-999
0.471
0.455
0.451
0.463
0.4
-999
0.472
0.451
-999
0.467
0.444
0.455
-999
0.463
0.508
0.474
0.537
0.459
0.436
0.536
0.46
0.478
-999
0.479
-999
-999
-999
-999
-999
-999
-999
-999
0.655
-999
0.351
0.662
0.629
-999
0.751
-999
-999
-999
0.639
0.686
0.611
-999
-999
-999
-999
0.681
-999
-999
-999
-999
0.684
0.568
0.529
0.425
0.6
0.549
0.549
-999
-999
0.552
0.522
0.503
-999
0.483
0.482
0.432
0.439
0.505
-999
0.447
-999
-999
0.528
0.455
0.439
0.418
0.444
-999
0.42
0.439
-999
0.408
0.218
-999
0.437
0.424
0.412
-999
0.364
0.466
0.424
-999
-999
-999
0.576
-999
-999
-999
-999
0.665
-999
0.631
-999
0.656
-999
-999
-999
-999
