3 73 1 
0.4805
0.858
-999
0.8875
0.84425
0.88825
0.85575
0.80625
0.87425
0.83975
-999
0.8635
-999
0.8685
0.89475
0.88325
-999
-999
0.87075
0.87275
0.8785
-999
0.8485
0.877
-999
-999
0.89
-999
0.853
-999
0.88425
0.886
-999
0.724
0.89425
0.86925
-999
0.8765
-999
0.8765
0.8785
0.8345
0.84475
0.8055
0.88225
-999
0.84975
-999
0.7555
0.74875
0.82775
0.816
-999
-999
-999
0.82075
-999
0.781
0.80525
-999
0.82525
0.766
0.76975
-999
-999
0.793
-999
-999
-999
0.8525
0.873
0.8145
0.83825
0.84125
-999
0.88025
0.74125
-999
-999
0.857
-999
0.823
0.8825
0.85275
0.8395
0.868
-999
-999
0.8785
-999
0.830333333333333
0.89075
-999
-999
0.82025
0.8835
-999
0.894
0.8815
0.899
-999
0.776
-999
0.773
0.85775
0.89225
0.829333333333333
-999
0.88475
-999
0.858
0.88525
0.893
-999
-999
0.84675
0.88225
0.802
0.861
0.603
-999
0.72275
0.85
0.8195
0.7975
0.8005
0.6145
0.81875
0.776
0.75325
-999
-999
-999
0.768
-999
-999
0.768
0.784333333333333
-999
-999
0.8265
0.718
-999
0.85625
0.878
0.728
0.77375
-999
-999
0.808
0.847
-999
0.851
0.847
-999
-999
-999
0.844
0.84
0.8635
0.794
0.8665
0.8555
0.87325
0.86275
0.8285
-999
-999
-999
0.84725
-999
0.90675
0.88175
0.8375
0.8465
-999
0.854
0.8455
0.8395
0.86875
0.652
0.7
0.6905
0.8395
0.8245
0.753
0.82525
0.796
-999
0.79825
0.8285
0.467
0.775
0.736
0.746
-999
-999
0.73025
0.766
-999
0.673
0.67
-999
-999
-999
-999
0.784
-999
0.779
-999
-999
-999
0.793
-999
0.625
-999
0.78
-999
-999
0.73175
