3 73 1 
0.70025
0.625
-999
0.66525
0.67025
0.668
0.68475
0.61525
0.6655
0.51
-999
0.57975
-999
0.6415
0.5795
0.5645
-999
-999
0.6455
0.60325
0.5605
-999
0.5485
0.6285
-999
-999
0.562
-999
0.596
-999
0.4395
0.517
-999
0.484
0.51075
0.51425
-999
0.491
-999
0.49875
0.535
0.4935
0.58975
0.4915
0.55725
-999
0.505
-999
0.53875
0.53075
0.60825
0.47025
-999
-999
-999
0.5695
-999
0.586
0.59025
-999
0.63275
0.579
0.62425
-999
-999
0.6585
-999
-999
-999
0.656
0.6665
0.626
0.655
0.68
-999
0.6265
0.65575
-999
-999
0.6565
-999
0.582
0.6755
0.6265
0.6755
0.677
-999
-999
0.7
-999
0.608333333333333
0.647
-999
-999
0.58775
0.556
-999
0.58
0.5705
0.54375
-999
0.546
-999
0.3865
0.54375
0.49825
0.524333333333333
-999
0.518
-999
0.59
0.48875
0.49875
-999
-999
0.535
0.541
0.2215
0.5745
0.547
-999
0.58175
0.59375
0.551
0.53
0.5325
0.5265
0.50625
0.54825
0.45125
-999
-999
-999
0.5315
-999
-999
0.641
0.623
-999
-999
0.666
0.6595
-999
0.73875
0.7185
0.7205
0.679
-999
-999
0.718
0.6565
-999
0.585
0.59925
-999
-999
-999
0.437
0.7555
0.576
0.614
0.651
0.64525
0.60775
0.55675
0.579
-999
-999
-999
0.55825
-999
0.577
0.56025
0.5525
0.524
-999
0.4585
0.516
0.58275
0.48475
0.54
0.353
0.458
0.477
0.439
0.52175
0.42775
0.443
-999
0.436
0.371
0.315
0.444
0.446
0.477
-999
-999
0.5365
0.54725
-999
0.488
0.5535
-999
-999
-999
-999
0.6175
-999
0.6325
-999
-999
-999
0.683
-999
0.7555
-999
0.59725
0.218
-999
0.6665
