3 73 1 
0.371
0.55475
-999
0.598
0.5855
0.60125
0.59675
0.532
0.579
0.46175
-999
0.53975
-999
0.56
0.52025
0.5265
-999
-999
0.55925
0.549
0.5115
-999
0.4905
0.5455
-999
-999
0.502
-999
0.52
-999
0.3835
0.48125
-999
0.4135
0.47
0.46775
-999
0.45825
-999
0.47075
0.476
0.4525
0.5035
0.4435
0.5
-999
0.463
-999
0.43475
0.46825
0.518
0.42675
-999
-999
-999
0.51425
-999
0.4945
0.52525
-999
0.54625
0.5015
0.533
-999
-999
0.5485
-999
-999
-999
0.588
0.5975
0.57025
0.57625
0.59875
-999
0.57525
0.51875
-999
-999
0.5795
-999
0.5345
0.59325
0.56
0.558
0.6045
-999
-999
0.6005
-999
0.538666666666667
0.57725
-999
-999
0.52075
0.51775
-999
0.532
0.512
0.51375
-999
0.461
-999
0.34
0.4775
0.471
0.457666666666667
-999
0.48
-999
0.5065
0.4635
0.46625
-999
-999
0.48975
0.4755
0.2005
0.50825
0.4265
-999
0.462
0.51625
0.485
0.4645
0.4755
0.395
0.468
0.4905
0.4185
-999
-999
-999
0.4745
-999
-999
0.5395
0.543333333333333
-999
-999
0.59525
0.5235
-999
0.64525
0.628
0.5655
0.55075
-999
-999
0.592
0.5855
-999
0.525
0.53775
-999
-999
-999
0.40275
0.615
0.532
0.509
0.585
0.56075
0.55325
0.50975
0.5265
-999
-999
-999
0.50825
-999
0.53675
0.50475
0.4815
0.47075
-999
0.4275
0.457
0.5085
0.45275
0.401
0.3105
0.38
0.439
0.403
0.4655
0.402
0.4025
-999
0.4225
0.323
0.211
0.4015
0.4055
0.4145
-999
-999
0.453
0.4685
-999
0.391
0.4485
-999
-999
-999
-999
0.5305
-999
0.5225
-999
-999
-999
0.574
-999
0.5335
-999
0.53225
-999
-999
0.53425
