6 30 1 
-7.304
-6.388
-7.444
-7.265
-7.55
-7.446
-999
-7.607
-7.795
-7.547
-7.946
-7.106
-7.955
-7.581
-999
-7.615
-7.548
-7.746
-7.605
-8.276
-8.078
-8.363
-7.488
-7.165
-7.696
-7.73
-6.861
-7.237
-6.887
-7.054
-7.667
-7.597
-7.613
-6.583
-6.7
-7.67
-7.414
-7.019
-7.241
-7.729
-7.119
-7.763
-6.984
-7.395
-7.673
-7.738
-6.896
-7.743
-7.805
-7.951
-7.871
-7.199
-7.919
-7.821
-7.948
-7.925
-6.671
-7.487
-6.729
-7.543
-7.67
-7.396
-7.887
-6.516
-7.07
-7.647
-6.614
-6.913
-7.358
-7.056
-7.389
-7.702
-7.256
-7.447
-7.543
-7.543
-7.508
-7.324
-7.9
-7.962
-8.202
-8.243
-8.139
-7.977
-8.212
-7.262
-6.981
-7.609
-7.638
-7.574
-7.203
-7.605
-7.648
-7.086
-7.669
-7.536
-7.453
-7.568
-7.326
-6.762
-7.446
-7.582
-7.164
-7.712
-7.139
-7.979
-7.767
-8.207
-7.518
-6.919
-7.548
-7.727
-7.884
-7.799
-7.858
-7.831
-7.6
-7.956
-7.265
-6.602
-7.609
-7.767
-7.467
-999
-7.602
-7.64
-7.824
-6.763
-7.016
-7.352
-6.827
-7.605
-7.601
-6.989
-7.64
-7.004
-7.482
-7.705
-7.672
-7.769
-7.387
-7.762
-8.646
-8.835
-999
-8.372
-7.639
-8.232
-7.107
-7.521
-7.597
-7.615
-7.613
-7.796
-7.697
-7.641
-7.551
-7.52
-7.078
-7.169
-7.863
-7.486
-7.548
-999
-999
-999
-999
-999
-999
-999
-999
-7.697
-7.329
-7.802
-7.605
-7.38
-6.986
-6.857
-7.169
-7.704
-6.584
-6.954
