6 30 1 
0.884
0.934
0.8425
0.843
0.812
0.808
-999
0.8
0.828
0.798
0.83
0.854
0.808
0.847
-999
0.808
0.849
0.801
0.85
0.843
0.856
0.892
0.83
0.876
0.851
0.854
0.869
0.835
0.846
0.823
0.825
0.804
0.815
0.892
0.863
0.813
0.82
0.858
0.807
0.822
0.838
0.835
0.827
0.804
0.804
0.845
0.85
0.804
0.792
0.826
0.837
0.891
0.836
0.839
0.855
0.875
0.933
0.846
0.872
0.818
0.802
0.808
0.811
0.877
0.819
0.821
0.842
0.808
0.786
0.831
0.772
0.775
0.806
0.791
0.757
0.77
0.787
0.806
0.791
0.833
0.819
0.836
0.855
0.854
0.854
0.85
0.866
0.829
0.826
0.808
0.782
0.799
0.783
0.799
0.814
0.768
0.771
0.789
0.76
0.804
0.745
0.754
0.772
0.77
0.831
0.808
0.768
0.794
0.757
0.839
0.794
0.791
0.768
0.8
0.816
0.813
0.816
0.842
0.854
0.858
0.816
0.798
0.779
-999
0.78
0.784
0.781
0.807
0.787
0.764
0.798
0.737
0.757
0.769
0.759
0.799
0.781
0.74
0.74
0.753
0.77
0.782
0.897
0.943
-999
0.941
0.982
0.972
0.816
0.791
0.754
0.757
0.757
0.775
0.78
0.772
0.751
0.744
0.78
0.78
0.765
0.761
0.786
-999
-999
-999
-999
-999
-999
-999
-999
0.831
0.821
0.822
0.85
0.892
0.853
0.845
0.835
0.796
0.82
0.799
