6 30 1 
-12.317
-12.159
-12.511
-12.541
-12.607
-12.87
-999
-12.445
-12.567
-12.768
-12.83
-12.336
-12.558
-13.181
-999
-12.476
-12.915
-13.18
-13.196
-13.132
-12.946
-13.073
-13.014
-12.873
-12.822
-12.915
-12.255
-12.76
-13.214
-12.679
-12.945
-12.929
-12.815
-12.285
-12.35
-13.06
-12.381
-12.838
-12.697
-13.524
-12.825
-13.274
-12.294
-12.525
-12.978
-12.761
-12.488
-12.692
-13.035
-13.083
-12.79
-12.834
-12.769
-12.688
-12.794
-13.069
-12.477
-12.541
-12.836
-12.218
-12.97
-12.615
-13.176
-12.074
-12.915
-12.838
-12.584
-12.478
-12.773
-12.751
-12.619
-13.299
-12.402
-12.455
-12.745
-12.457
-12.895
-12.635
-13.038
-13.35
-13.174
-13.076
-13.2
-12.884
-13.064
-12.434
-12.476
-12.674
-12.903
-12.601
-13.133
-12.991
-13.192
-12.459
-12.944
-12.757
-13.106
-13.449
-13.02
-12.86
-12.726
-12.551
-12.931
-12.726
-12.538
-12.791
-13.317
-13.518
-12.692
-12.946
-12.711
-13.058
-13.274
-12.772
-12.738
-13.084
-12.571
-12.975
-13.29
-12.493
-12.997
-12.448
-13.065
-999
-13.084
-12.824
-13.394
-12.49
-13.334
-12.917
-12.583
-13.132
-13.429
-12.946
-13.214
-12.867
-13.1
-12.9
-13.285
-13.261
-12.633
-12.763
-13.131
-13.241
-999
-12.959
-13.01
-12.804
-12.692
-13.019
-13.194
-13.117
-13.261
-13.228
-13.152
-13.307
-13.291
-13.573
-12.895
-13.45
-13.505
-13.103
-12.945
-999
-999
-999
-999
-999
-999
-999
-999
-12.801
-12.849
-13.052
-12.746
-12.512
-13.134
-12.708
-13.019
-13.218
-12.446
-12.59
