6 30 1 
-6.726
-6.455
-6.837
-6.799
-6.886
-6.919
-999
-6.596
-6.631
-6.585
-6.757
-6.57
-6.353
-7.071
-999
-6.263
-6.878
-7.012
-7.089
-6.96
-6.788
-7.157
-6.772
-6.738
-6.812
-6.85
-6.565
-6.767
-7.177
-6.593
-6.993
-6.855
-6.823
-6.568
-6.519
-6.839
-6.495
-6.923
-6.504
-7.065
-6.617
-7.051
-6.104
-6.055
-6.363
-6.606
-6.292
-6.273
-6.398
-6.495
-6.365
-6.613
-6.522
-6.498
-6.506
-6.92
-6.604
-6.488
-6.731
-6.273
-6.645
-6.424
-6.856
-6.244
-6.449
-6.508
-6.415
-6.285
-6.208
-6.498
-6.024
-6.754
-6.153
-6.15
-6.056
-5.865
-6.072
-5.943
-6.338
-6.774
-6.46
-6.654
-6.82
-6.305
-6.633
-6.307
-6.416
-6.365
-6.6
-6.091
-6.68
-6.569
-6.66
-6.297
-6.525
-6.383
-6.374
-6.964
-6.402
-6.274
-6.13
-6.115
-6.223
-5.792
-6.045
-6.226
-6.357
-6.378
-6.102
-6.309
-6.166
-6.13
-6.216
-5.916
-6.074
-6.306
-6.036
-6.397
-6.661
-6.197
-6.398
-6.056
-6.429
-999
-6.603
-6.38
-6.608
-6.07
-6.585
-6.288
-5.996
-6.056
-6.43
-5.851
-6.247
-6.252
-6.043
-5.774
-6.067
-6.258
-5.685
-6.019
-6.85
-7.009
-999
-6.896
-7.043
-6.864
-6.211
-6.225
-6.291
-6.444
-6.482
-6.373
-6.384
-6.424
-6.299
-6.808
-6.212
-6.628
-6.507
-6.211
-6.09
-999
-999
-999
-999
-999
-999
-999
-999
-6.064
-6.03
-6.071
-6.212
-6.16
-6.402
-6.183
-6.45
-6.48
-5.992
-6.129
