6 30 1 
0.856
0.857
0.8415
0.835
0.831
0.817
-999
0.804
0.805
0.772
0.782
0.832
0.778
0.788
-999
0.769
0.794
0.766
0.788
0.781
0.793
0.817
0.78
0.794
0.796
0.807
0.862
0.799
0.802
0.796
0.796
0.787
0.799
0.851
0.839
0.774
0.823
0.812
0.778
0.756
0.786
0.769
0.767
0.734
0.717
0.778
0.781
0.747
0.718
0.721
0.761
0.772
0.767
0.77
0.753
0.79
0.818
0.786
0.786
0.812
0.749
0.776
0.761
0.824
0.745
0.752
0.784
0.769
0.73
0.768
0.724
0.735
0.769
0.761
0.711
0.713
0.7
0.706
0.692
0.721
0.718
0.732
0.729
0.726
0.741
0.797
0.802
0.764
0.766
0.73
0.734
0.744
0.732
0.783
0.758
0.743
0.703
0.745
0.718
0.72
0.713
0.733
0.701
0.673
0.723
0.72
0.669
0.645
0.72
0.712
0.718
0.682
0.659
0.694
0.716
0.68
0.722
0.719
0.712
0.762
0.712
0.75
0.714
-999
0.719
0.734
0.7
0.751
0.7
0.717
0.726
0.657
0.666
0.655
0.669
0.723
0.658
0.644
0.641
0.665
0.665
0.707
0.756
0.774
-999
0.795
0.814
0.813
0.739
0.7
0.679
0.712
0.7
0.692
0.69
0.686
0.679
0.701
0.704
0.689
0.665
0.673
0.687
-999
-999
-999
-999
-999
-999
-999
-999
0.698
0.691
0.671
0.726
0.761
0.706
0.736
0.724
0.706
0.745
0.738
