6 30 1 
0.8225
0.8045
0.776
0.7415
0.739
0.7625
-999
0.764
0.74
0.7555
0.762
0.77
0.767
0.752
-999
0.7695
0.7665
0.789
0.8155
0.8265
0.8895
0.882
0.841666666666667
0.863
0.832
0.817
0.841
0.777
0.801
0.738
0.722
0.793
0.715
0.786
0.739
0.732
0.738
0.786
0.731
-999
0.754
0.715
0.684
0.714
0.761
0.715
0.738
0.746
0.785
0.794
0.8
0.839
0.902
0.863
0.872
0.855
0.847
0.841
0.769
0.739
0.746
0.73
0.722
0.8
0.73
0.754
0.762
0.715
0.746
0.707
0.683
0.709
0.662
0.67
0.7
0.69
0.67
0.676
0.744
0.694
0.705
0.738
0.761
0.744
0.803
0.779
0.795
0.762
0.723
0.729
0.745
0.741
0.716
0.728
0.724
0.706
0.729
0.721
0.715
0.717
0.725
0.7
0.728
0.678
0.732
0.747
0.713
0.73
0.752
0.791
0.825
0.817
0.842
0.864
0.887
0.863
0.814
0.803
0.764
-999
0.689
0.682
0.681
0.729
0.686
0.706
0.74
0.706
0.698
0.701
0.715
0.668
0.676
0.663
0.66
0.706
0.651
0.668
0.692
0.679
0.717
0.692
0.722
0.738
0.753
0.784
0.8
0.794
0.748
0.684
0.692
0.699
0.668
0.699
0.692
0.691
0.723
0.715
0.686
0.686
0.666
0.676
0.676
0.676
0.682
0.684
0.699
0.67
0.698
0.746
0.723
0.754
0.77
0.777
0.809
0.806
0.808
0.802
0.754
0.676
0.714
0.714
