6 30 1 
-12.3125
-12.3945
-12.8185
-13.1425
-12.979
-13.135
-999
-13.1645
-13.224
-13.483
-13.221
-12.596
-13.1625
-12.9285
-999
-13.0035
-13.2915
-13.5845
-13.388
-13.432
-12.9685
-13.275
-12.919
-12.781
-12.896
-13.032
-11.964
-13.221
-12.088
-13.218
-13.463
-12.838
-13.464
-12.345
-13.475
-13.347
-13.467
-12.478
-13.537
-999
-13.588
-13.532
-13.349
-13.464
-13.658
-13.836
-13.663
-13.901
-13.906
-13.721
-13.848
-13.594
-13.156
-12.852
-12.784
-12.658
-12.281
-12.098
-12.534
-13.341
-13.467
-13.538
-13.657
-12.349
-13.401
-12.562
-12.401
-13.095
-12.713
-13.404
-13.437
-13.444
-13.556
-13.412
-13.446
-13.691
-13.817
-13.82
-13.059
-13.675
-13.681
-13.69
-12.701
-13.31
-13.301
-12.567
-12.181
-12.806
-13.559
-13.549
-13.438
-12.939
-13.555
-13.552
-13.553
-13.557
-13.559
-13.303
-13.683
-13.564
-13.558
-13.563
-13.071
-13.682
-14.184
-13.94
-13.924
-14.181
-14.185
-13.803
-13.807
-13.686
-13.315
-13.304
-13.065
-13.184
-13.068
-13.319
-12.681
-999
-13.809
-13.805
-13.799
-12.552
-13.537
-13.567
-12.463
-13.309
-13.097
-13.348
-13.463
-13.585
-14.088
-13.346
-13.274
-13.215
-13.407
-13.165
-13.221
-13.523
-13.229
-13.412
-13.166
-13.201
-13.062
-12.781
-11.843
-12.179
-12.556
-13.396
-12.947
-12.781
-13.201
-13.324
-13.471
-13.172
-12.306
-12.535
-13.303
-13.318
-13.401
-13.1
-13.278
-13.405
-13.208
-13.224
-13.342
-13.793
-13.523
-13.402
-13.466
-13.428
-13.219
-13.098
-12.904
-12.851
-12.19
-12.174
-12.566
-13.219
-12.529
-12.782
