6 30 1 
-6.3905
-6.3065
-6.5595
-6.594
-6.433
-6.796
-999
-6.843
-6.689
-7.078
-6.939
-6.331
-6.6955
-6.434
-999
-6.6925
-6.967
-7.511
-7.3685
-7.548
-7.4635
-7.793
-7.20433333333333
-7.054
-7.064
-6.941
-6.181
-7.05
-6.064
-6.697
-6.802
-6.794
-6.818
-6.178
-6.942
-6.806
-6.947
-6.317
-6.943
-999
-7.19
-6.813
-6.434
-6.704
-7.316
-7.184
-7.192
-7.427
-7.674
-7.545
-7.812
-7.702
-7.691
-7.304
-7.183
-6.93
-6.429
-6.304
-6.31
-6.804
-7.055
-7.053
-6.926
-6.324
-6.818
-6.059
-6.069
-6.444
-6.314
-6.688
-6.438
-6.682
-6.553
-6.433
-6.703
-6.931
-6.687
-6.818
-6.569
-6.927
-6.951
-7.191
-6.303
-6.811
-7.31
-6.431
-6.19
-6.568
-6.93
-6.923
-7.071
-6.434
-6.938
-7.065
-6.927
-6.691
-6.931
-6.668
-7.059
-6.93
-6.936
-6.805
-6.566
-6.807
-7.552
-7.562
-7.196
-7.706
-7.946
-7.685
-7.832
-7.827
-7.563
-7.681
-7.569
-7.561
-7.19
-7.179
-6.427
-999
-6.928
-6.834
-6.814
-5.938
-6.686
-6.809
-6.062
-6.579
-6.305
-6.565
-6.822
-6.686
-7.051
-6.317
-6.185
-6.447
-6.311
-6.184
-6.452
-6.571
-6.56
-6.683
-6.694
-6.8
-6.694
-6.563
-5.824
-6.056
-6.063
-6.457
-6.184
-5.932
-6.191
-6.564
-6.681
-6.328
-5.689
-5.942
-6.434
-6.305
-6.314
-6.057
-6.319
-6.435
-6.31
-6.33
-6.556
-6.804
-6.694
-6.922
-6.962
-7.045
-7.058
-6.953
-6.94
-6.825
-6.193
-6.195
-6.196
-6.304
-5.929
-6.197
