6 30 1 
0.989
0.946
0.868
0.823
0.8345
0.836
-999
0.836
0.851
0.867
0.9055
0.9195
0.936
0.9375
-999
0.929
0.9405
0.8985
0.9275
0.9345
0.923
1.0055
0.889
0.905
0.908
0.835
0.79
0.78
0.8
0.737
0.743
0.721
0.731
0.775
0.716
0.694
0.747
0.704
0.755
0.818
0.724
0.835
0.738
0.734
0.782
0.769
0.702
0.728
0.724
-999
0.736
0.827
0.802
0.798
0.853
0.868
0.786
0.81
0.837
0.772
0.759
0.73
0.722
0.714
0.698
0.706
0.692
0.67
0.697
0.671
0.694
0.638
0.675
0.658
0.625
0.636
0.665
0.64
0.727
0.654
0.693
0.671
0.685
0.735
0.778
0.747
0.757
0.745
0.722
0.677
0.716
0.669
0.697
0.667
0.717
0.649
0.665
0.657
0.648
-999
0.663
0.652
0.628
0.67
0.662
-999
0.663
0.654
0.639
0.686
0.705
0.669
0.739
0.713
0.738
0.745
0.757
0.8
0.769
0.684
0.712
0.729
0.657
0.687
0.663
0.669
0.701
0.636
0.627
0.638
0.619
0.624
0.612
0.604
0.635
0.609
0.634
0.623
0.615
0.642
0.698
0.691
0.743
0.698
0.782
0.798
0.763
0.698
0.655
-999
0.684
0.705
0.745
0.747
0.811
0.737
0.682
0.671
0.651
0.637
0.619
0.627
0.639
0.709
0.665
0.758
0.763
0.761
0.778
0.818
0.802
0.803
0.761
0.816
0.85
0.764
0.774
0.702
0.733
0.686
0.687
