6 30 1 
-12.608
-11.514
-13.2575
-13.047
-13.389
-13.39
-999
-13.547
-13.742
-13.567
-13.892
-12.835
-13.931
-13.301
-999
-13.515
-13.196
-13.692
-13.367
-13.914
-13.669
-13.674
-13.273
-12.609
-13.299
-13.291
-12.42
-12.985
-12.521
-12.835
-13.463
-12.838
-13.464
-12.345
-13.475
-13.347
-13.467
-12.478
-13.537
-999
-13.588
-13.532
-13.349
-13.464
-13.658
-13.836
-13.663
-13.901
-13.906
-13.721
-13.848
-13.594
-13.156
-12.852
-12.784
-12.658
-12.281
-12.098
-12.534
-13.341
-13.467
-13.428
-13.893
-11.989
-12.93
-13.488
-12.424
-12.858
-13.455
-12.772
-13.569
-13.921
-13.202
-13.518
-13.868
-13.831
-13.57
-13.266
-14.01
-13.775
-14.014
-14.012
-13.803
-13.609
-13.82
-12.985
-12.504
-13.426
-13.577
-13.583
-13.426
-13.555
-13.826
-13.074
-13.583
-13.832
-13.636
-13.741
-13.613
-12.907
-13.883
-13.852
-13.454
-13.834
-12.919
-13.924
-13.981
-14.335
-13.794
-12.643
-13.641
-13.795
-13.987
-13.793
-13.8
-13.77
-13.612
-13.837
-12.858
-12.195
-13.549
-13.737
-13.606
-999
-13.731
-13.642
-13.921
-12.671
-12.981
-13.608
-12.86
-14.012
-13.93
-13.081
-13.958
-13.016
-13.59
-14.173
-14.073
-14.196
-13.603
-13.946
-14.054
-13.89
-999
-13.547
-12.674
-13.203
-13.015
-13.514
-13.923
-13.957
-13.926
-14.08
-13.851
-13.866
-13.799
-13.805
-13.228
-13.356
-14.084
-13.76
-13.705
-999
-999
-999
-999
-999
-999
-999
-999
-13.482
-13.223
-13.668
-13.42
-12.79
-12.552
-12.422
-12.922
-13.853
-12.364
-12.988
