6 30 1 
-12.453
-12.589
-12.8185
-13.281
-12.979
-13.345
-999
-13.341
-13.224
-13.606
-13.221
-12.707
-13.406
-12.968
-999
-13.144
-13.464
-13.653
-13.533
-13.473
-13.16
-13.347
-13.0285
-12.781
-12.896
-13.032
-11.964
-13.221
-12.088
-13.218
-13.463
-12.838
-13.464
-12.345
-13.475
-13.347
-13.467
-12.478
-13.537
-999
-13.588
-13.532
-13.349
-13.464
-13.658
-13.836
-13.663
-13.901
-13.906
-13.721
-13.848
-13.594
-13.156
-12.852
-12.784
-12.658
-12.281
-12.098
-12.534
-13.341
-13.467
-13.538
-13.657
-12.349
-13.401
-12.562
-12.401
-13.095
-12.713
-13.404
-13.437
-13.444
-13.556
-13.412
-13.446
-13.691
-13.817
-13.82
-13.059
-13.675
-13.681
-13.69
-12.701
-13.31
-13.301
-12.567
-12.181
-12.806
-13.559
-13.549
-13.438
-12.815
-13.555
-13.669
-13.432
-13.438
-13.558
-13.306
-13.687
-13.561
-13.554
-13.561
-13.075
-13.683
-14.186
-13.941
-13.931
-14.172
-14.188
-13.803
-13.686
-13.69
-13.194
-13.304
-13.061
-13.181
-13.068
-13.2
-12.571
-999
-13.699
-13.806
-13.693
-12.416
-13.536
-13.563
-12.411
-13.306
-13.057
-13.283
-13.437
-13.563
-14.064
-13.31
-13.275
-13.154
-13.312
-13.076
-13.199
-13.406
-13.185
-13.44
-13.099
-13.178
-13.062
-12.805
-11.804
-12.183
-12.435
-13.308
-12.946
-12.718
-13.059
-13.324
-13.407
-13.174
-12.308
-12.431
-13.306
-13.181
-13.304
-13.068
-13.309
-13.327
-13.302
-13.185
-13.343
-13.815
-13.431
-13.341
-13.468
-13.316
-13.196
-13.069
-12.929
-12.851
-12.074
-12.171
-12.433
-13.194
-12.558
-12.693
