6 30 1 
-6.451
-6.45
-6.5595
-6.796
-6.433
-7.07
-999
-7.075
-6.689
-7.204
-6.939
-6.45
-7.06
-6.567
-999
-6.81
-7.195
-7.686
-7.58
-7.684
-7.685
-7.938
-7.2545
-7.054
-7.064
-6.941
-6.181
-7.05
-6.064
-6.697
-6.802
-6.794
-6.818
-6.178
-6.942
-6.806
-6.947
-6.317
-6.943
-999
-7.19
-6.813
-6.434
-6.704
-7.316
-7.184
-7.192
-7.427
-7.674
-7.545
-7.812
-7.702
-7.691
-7.304
-7.183
-6.93
-6.429
-6.304
-6.31
-6.804
-7.055
-7.053
-6.926
-6.324
-6.818
-6.059
-6.069
-6.444
-6.314
-6.688
-6.438
-6.682
-6.553
-6.433
-6.703
-6.931
-6.687
-6.818
-6.569
-6.927
-6.951
-7.191
-6.303
-6.811
-7.31
-6.431
-6.19
-6.568
-6.93
-6.923
-7.071
-6.435
-6.943
-6.941
-6.93
-6.697
-6.934
-6.667
-7.06
-6.938
-6.937
-6.684
-6.432
-6.812
-7.556
-7.442
-7.196
-7.559
-7.945
-7.809
-7.838
-7.828
-7.562
-7.682
-7.564
-7.566
-7.187
-7.185
-6.425
-999
-6.937
-6.829
-6.817
-5.938
-6.814
-6.812
-5.932
-6.574
-6.303
-6.563
-6.695
-6.562
-7.059
-6.317
-6.185
-6.445
-6.302
-6.183
-6.452
-6.564
-6.559
-6.69
-6.69
-6.803
-6.694
-6.565
-5.822
-6.054
-6.065
-6.446
-6.182
-5.931
-6.196
-6.56
-6.564
-6.324
-5.685
-5.819
-6.433
-6.309
-6.314
-6.183
-6.319
-6.436
-6.311
-6.325
-6.562
-6.81
-6.695
-6.924
-6.817
-7.049
-6.948
-6.794
-6.936
-6.822
-6.194
-6.199
-6.202
-6.303
-5.929
-6.061
