6 30 1 
-12.584
-11.485
-12.52275
-12.689
-12.9765
-13.4625
-999
-13.469
-13.7575
-13.9175
-14.053
-13.5335
-13.6435
-13.705
-999
-13.24
-13.803
-13.8085
-13.9535
-14.029
-13.459
-13.5835
-13.051
-13.112
-12.17
-12.737
-12.918
-13.018
-12.547
-13.426
-13.523
-13.672
-13.555
-12.519
-13.428
-13.859
-13.608
-13.947
-14.133
-12.983
-13.476
-12.138
-13.646
-13.514
-12.65
-12.802
-13.631
-13.171
-13.949
-999
-13.896
-12.736
-13.337
-13.581
-12.732
-11.983
-13.038
-12.992
-12.142
-13.007
-13.243
-13.434
-13.602
-12.868
-13.556
-13.619
-13.142
-13.352
-13.117
-13.621
-13.141
-13.471
-13.415
-13.934
-14.072
-13.631
-13.463
-14.04
-12.943
-14.099
-13.826
-14.008
-13.86
-13.038
-12.65
-12.822
-12.605
-12.98
-13.503
-13.741
-12.914
-13.538
-13.301
-13.896
-12.98
-14.037
-13.335
-14.109
-13.913
-999
-13.883
-14.18
-13.577
-14.394
-13.575
-999
-14.414
-13.609
-14.266
-14.326
-14.172
-14.08
-14.111
-14.113
-13.641
-13.356
-14.087
-12.432
-12.578
-13.704
-13.058
-12.96
-14.164
-13.25
-13.984
-14.038
-13.262
-13.702
-13.837
-14.073
-13.891
-14.039
-13.607
-14.137
-13.731
-13.735
-13.453
-13.74
-13.774
-13.951
-14.197
-13.987
-14.109
-13.23
-13.521
-12.369
-12.888
-13.413
-13.143
-999
-13.699
-14.101
-14.296
-13.173
-12.991
-12.646
-13.111
-13.481
-13.678
-13.603
-13.582
-14.068
-14.243
-14.294
-13.743
-14.195
-14.386
-14.329
-13.86
-13.639
-13.946
-13.835
-13.037
-13.558
-13.416
-12.712
-12.301
-13.303
-12.693
-13.195
-13.353
