6 30 1 
-7.751
-6.389
-6.8905
-6.9295
-7.1855
-7.7425
-999
-7.784
-8.1025
-8.3435
-8.7625
-8.2565
-8.629
-8.715
-999
-8.1515
-8.666
-8.519
-8.78
-8.937
-8.148
-8.87
-7.669
-7.759
-6.858
-7.016
-6.894
-6.889
-6.518
-6.956
-7.07
-7.107
-7.084
-6.329
-6.822
-7.107
-7.181
-7.24
-7.765
-7.075
-6.894
-6.391
-7.175
-7.021
-6.483
-6.568
-6.957
-6.669
-7.41
-999
-7.475
-6.923
-7.301
-7.518
-7.079
-6.422
-6.927
-7.014
-6.354
-6.755
-6.919
-6.899
-7.006
-6.203
-6.807
-6.884
-6.336
-6.391
-6.359
-6.7
-6.361
-6.258
-6.48
-6.889
-6.731
-6.446
-6.514
-6.818
-6.426
-6.974
-7.016
-7.106
-6.991
-6.61
-6.461
-6.398
-6.234
-6.542
-6.952
-6.866
-6.33
-6.571
-6.492
-6.861
-6.42
-6.899
-6.352
-7.044
-6.77
-999
-6.858
-7.015
-6.234
-7.393
-6.614
-999
-7.422
-6.516
-6.985
-7.485
-7.454
-7.076
-7.669
-7.447
-7.101
-6.955
-7.703
-6.394
-6.297
-6.825
-6.424
-6.449
-7.107
-6.4205
-6.955
-7.048
-6.547
-6.43
-6.517
-6.851
-6.546
-6.667
-6.176
-6.644
-6.481
-6.226
-6.235
-6.395
-6.346
-6.734
-7.451
-7.18
-7.674
-6.515
-7.354
-6.334
-6.61
-6.682
-6.042
-999
-6.826
-7.421
-7.923
-6.762
-7.014
-6.104
-6.195
-6.492
-6.54
-6.396
-6.201
-6.739
-7.025
-7.578
-6.71
-7.977
-8.081
-8.044
-7.704
-7.674
-7.954
-7.892
-6.769
-7.666
-7.766
-6.483
-6.099
-6.616
-6.202
-6.336
-6.459
