3 73 1 
-999
-999
0.808
0.5805
0.561
0.5665
0.5485
0.53
0.535
-999
0.601
0.5625
0.587
0.54
0.5135
-999
0.5415
-999
0.5295
0.509
-999
0.5115
0.6485
0.5075
-499.371
-999
0.5155
-999
0.4925
0.4805
0.49
-999
0.4575
0.5715
-999
-999
0.459
0.457
0.459
-999
0.3505
0.4965
0.4645
-999
-499.1485
-999
-999
-999
0.515
-999
-499.1485
0.538
0.521
0.4655
0.517
0.449
0.615
0.5075
0.439
-999
0.525
0.454
0.448
0.4335
0.459
-999
-999
0.4615
0.4915
0.411
0.532
-499.1345
0.607
-999
-999
0.5205
0.543
-999
0.5
0.61
-999
0.5145
0.6465
-999
-999
0.547
-999
0.631
0.582
-999
-999
0.5115
0.4885
-999
-999
-499.239
-999
0.591
-999
-999
0.617
-499.2155
-999
0.4765
-999
0.576
-999
0.494
0.438
0.4885
0.4825
-499.2905
-999
0.502
0.5375
-999
-499.2275
-999
0.5055
0.5725
0.4885
0.466
0.6445
0.479
0.463
0.4635
0.5335
0.435
0.4275
0.3515
0.437
0.4745
-999
-999
-999
0.472
0.513
-999
-999
-999
0.624
0.6845
0.6685
-499.123
0.67
0.7065
0.6815
0.6205
0.6695
0.573
0.6725
0.572
-499.216
-999
-999
-999
0.453
-999
0.5805
-999
0.6285
-999
0.544
0.498
0.625
-999
0.5195
0.4925
0.543
0.4945
-999
0.589
0.504
-999
0.47
0.455
0.504
-999
0.433
-999
0.449
-999
-499.167
-999
0.4395
0.4355
0.4155
0.406
-999
-999
0.42
0.5235
0.376
-999
-999
0.42
0.434
0.418
0.382
-999
0.395
0.384
-499.33
-999
-499.24
-999
-999
0.5725
-999
-999
0.635
0.5215
-999
-999
-999
0.529
-999
-999
-999
