3 30 3 
0.799 -13.555 -7.605
0.783 -13.826 -7.648
0.799 -13.074 -7.086
0.814 -13.583 -7.669
0.768 -13.832 -7.536
0.771 -13.636 -7.453
0.789 -13.741 -7.568
0.76 -13.613 -7.326
0.804 -12.907 -6.762
0.745 -13.883 -7.446
0.754 -13.852 -7.582
0.772 -13.454 -7.164
0.77 -13.834 -7.712
0.831 -12.919 -7.139
0.808 -13.924 -7.979
0.768 -13.981 -7.767
0.794 -14.335 -8.207
0.757 -13.794 -7.518
0.839 -12.643 -6.919
0.794 -13.641 -7.548
0.791 -13.795 -7.727
0.768 -13.987 -7.884
0.8 -13.793 -7.799
0.816 -13.8 -7.858
0.813 -13.77 -7.831
0.816 -13.612 -7.6
0.842 -13.837 -7.956
0.854 -12.858 -7.265
0.858 -12.195 -6.602
0.816 -13.549 -7.609
0.798 -13.737 -7.767
0.779 -13.606 -7.467
-999 -999 -999
0.78 -13.731 -7.602
0.784 -13.642 -7.64
0.781 -13.921 -7.824
0.807 -12.671 -6.763
0.787 -12.981 -7.016
0.764 -13.608 -7.352
0.798 -12.86 -6.827
0.737 -14.012 -7.605
0.757 -13.93 -7.601
0.769 -13.081 -6.989
0.759 -13.958 -7.64
0.799 -13.016 -7.004
0.781 -13.59 -7.482
0.74 -14.173 -7.705
0.74 -14.073 -7.672
0.753 -14.196 -7.769
0.77 -13.603 -7.387
0.782 -13.946 -7.762
0.897 -14.054 -8.646
0.943 -13.89 -8.835
-999 -999 -999
0.941 -13.547 -8.372
0.982 -12.674 -7.639
0.972 -13.203 -8.232
0.816 -13.015 -7.107
0.791 -13.514 -7.521
0.754 -13.923 -7.597
0.757 -13.957 -7.615
0.757 -13.926 -7.613
0.775 -14.08 -7.796
0.78 -13.851 -7.697
0.772 -13.866 -7.641
0.751 -13.799 -7.551
0.744 -13.805 -7.52
0.78 -13.228 -7.078
0.78 -13.356 -7.169
0.765 -14.084 -7.863
0.761 -13.76 -7.486
0.786 -13.705 -7.548
-999 -999 -999
-999 -999 -999
-999 -999 -999
-999 -999 -999
-999 -999 -999
-999 -999 -999
-999 -999 -999
-999 -999 -999
0.831 -13.482 -7.697
0.821 -13.223 -7.329
0.822 -13.668 -7.802
0.85 -13.42 -7.605
0.892 -12.79 -7.38
0.853 -12.552 -6.986
0.845 -12.422 -6.857
0.835 -12.922 -7.169
0.796 -13.853 -7.704
0.82 -12.364 -6.584
0.799 -12.988 -6.954
