5 30 1 
-13.768
-13.778
-13.879
-12.399
-12.704
-13.771
-13.619
-12.775
-13.626
-13.97
-13.205
-13.97
-13.243
-13.762
-13.918
-13.876
-12.869
-13.885
-14.033
-14.198
-13.765
-13.025
-14.201
-13.978
-13.974
-13.469
-12.545
-13.448
-12.7
-13.769
-13.976
-13.571
-13.973
-12.389
-13.427
-13.82
-12.785
-13.205
-13.77
-13.333
-13.968
-14.247
-13.381
-13.766
-13.969
-13.876
-13.972
-13.764
-14.203
-14.197
-14.425
-14.206
-14.187
-13.815
-14.199
-13.204
-12.857
-13.878
-13.971
-13.868
-13.769
-13.475
-14.189
-13.378
-13.88
-14.138
-13.974
-13.859
-14.199
-13.248
-14.199
-14.318
-13.875
-14.035
-13.127
-14.25
-14.423
-14.669
-14.198
-13.029
-13.966
-13.983
-14.192
-14.137
-14.247
-13.866
-13.77
-13.983
-13.112
-12.474
-13.921
-14.417
-13.977
-999
-14.194
-14.243
-14.413
-13.205
-13.659
-13.767
-13.125
-14.368
-14.252
-13.478
-14.42
-13.386
-13.972
-14.424
-14.306
-14.369
-13.974
-14.251
-14.367
-14.301
-999
-14.031
-13.033
-13.386
-13.476
-13.776
-14.136
-14.414
-14.14
-14.475
-14.366
-14.143
-14.252
-14.365
-13.578
-13.767
-14.362
-14.188
-13.971
-999
-999
-999
-999
-999
-999
-999
-999
-13.876
-13.576
-13.984
-13.77
-13.203
-13.034
-12.863
-13.205
-14.191
-12.689
-13.338
