3 30 3 
0.744 -12.991 -6.569
0.732 -13.192 -6.66
0.783 -12.459 -6.297
0.758 -12.944 -6.525
0.743 -12.757 -6.383
0.703 -13.106 -6.374
0.745 -13.449 -6.964
0.718 -13.02 -6.402
0.72 -12.86 -6.274
0.713 -12.726 -6.13
0.733 -12.551 -6.115
0.701 -12.931 -6.223
0.673 -12.726 -5.792
0.723 -12.538 -6.045
0.72 -12.791 -6.226
0.669 -13.317 -6.357
0.645 -13.518 -6.378
0.72 -12.692 -6.102
0.712 -12.946 -6.309
0.718 -12.711 -6.166
0.682 -13.058 -6.13
0.659 -13.274 -6.216
0.694 -12.772 -5.916
0.716 -12.738 -6.074
0.68 -13.084 -6.306
0.722 -12.571 -6.036
0.719 -12.975 -6.397
0.712 -13.29 -6.661
0.762 -12.493 -6.197
0.712 -12.997 -6.398
0.75 -12.448 -6.056
0.714 -13.065 -6.429
-999 -999 -999
0.719 -13.084 -6.603
0.734 -12.824 -6.38
0.7 -13.394 -6.608
0.751 -12.49 -6.07
0.7 -13.334 -6.585
0.717 -12.917 -6.288
0.726 -12.583 -5.996
0.657 -13.132 -6.056
0.666 -13.429 -6.43
0.655 -12.946 -5.851
0.669 -13.214 -6.247
0.723 -12.867 -6.252
0.658 -13.1 -6.043
0.644 -12.9 -5.774
0.641 -13.285 -6.067
0.665 -13.261 -6.258
0.665 -12.633 -5.685
0.707 -12.763 -6.019
0.756 -13.131 -6.85
0.774 -13.241 -7.009
-999 -999 -999
0.795 -12.959 -6.896
0.814 -13.01 -7.043
0.813 -12.804 -6.864
0.739 -12.692 -6.211
0.7 -13.019 -6.225
0.679 -13.194 -6.291
0.712 -13.117 -6.444
0.7 -13.261 -6.482
0.692 -13.228 -6.373
0.69 -13.152 -6.384
0.686 -13.307 -6.424
0.679 -13.291 -6.299
0.701 -13.573 -6.808
0.704 -12.895 -6.212
0.689 -13.45 -6.628
0.665 -13.505 -6.507
0.673 -13.103 -6.211
0.687 -12.945 -6.09
-999 -999 -999
-999 -999 -999
-999 -999 -999
-999 -999 -999
-999 -999 -999
-999 -999 -999
-999 -999 -999
-999 -999 -999
0.698 -12.801 -6.064
0.691 -12.849 -6.03
0.671 -13.052 -6.071
0.726 -12.746 -6.212
0.761 -12.512 -6.16
0.706 -13.134 -6.402
0.736 -12.708 -6.183
0.724 -13.019 -6.45
0.706 -13.218 -6.48
0.745 -12.446 -5.992
0.738 -12.59 -6.129
