3 30 3 
0.736 -12.815 -6.435
0.716 -13.555 -6.943
0.728 -13.669 -6.941
0.729 -13.432 -6.93
0.705 -13.438 -6.697
0.731 -13.558 -6.934
0.721 -13.306 -6.667
0.715 -13.687 -7.06
0.717 -13.561 -6.938
0.73 -13.554 -6.937
0.7 -13.561 -6.684
0.728 -13.075 -6.432
0.682 -13.683 -6.812
0.732 -14.186 -7.556
0.754 -13.941 -7.442
0.713 -13.931 -7.196
0.73 -14.172 -7.559
0.753 -14.188 -7.945
0.792 -13.803 -7.809
0.825 -13.686 -7.838
0.823 -13.69 -7.828
0.85 -13.194 -7.562
0.856 -13.304 -7.682
0.895 -13.061 -7.564
0.871 -13.181 -7.566
0.818 -13.068 -7.187
0.809 -13.2 -7.185
0.78 -12.571 -6.425
-999 -999 -999
0.697 -13.699 -6.937
0.685 -13.806 -6.829
0.697 -13.693 -6.817
0.737 -12.416 -5.938
0.692 -13.536 -6.814
0.705 -13.563 -6.812
0.746 -12.411 -5.932
0.699 -13.306 -6.574
0.692 -13.057 -6.303
0.701 -13.283 -6.563
0.708 -13.437 -6.695
0.669 -13.563 -6.562
0.668 -14.064 -7.059
0.666 -13.31 -6.317
0.66 -13.275 -6.185
0.698 -13.154 -6.445
0.654 -13.312 -6.302
0.668 -13.076 -6.183
0.692 -13.199 -6.452
0.685 -13.406 -6.564
0.717 -13.185 -6.559
0.692 -13.44 -6.69
0.723 -13.099 -6.69
0.738 -13.178 -6.803
0.763 -13.062 -6.694
0.784 -12.805 -6.565
0.81 -11.804 -5.822
0.793 -12.183 -6.054
0.748 -12.435 -6.065
0.684 -13.308 -6.446
0.692 -12.946 -6.182
0.7 -12.718 -5.931
0.668 -13.059 -6.196
0.708 -13.324 -6.56
0.7 -13.407 -6.564
0.691 -13.174 -6.324
0.73 -12.308 -5.685
0.723 -12.431 -5.819
0.689 -13.306 -6.433
0.69 -13.181 -6.309
0.67 -13.304 -6.314
0.676 -13.068 -6.183
0.683 -13.309 -6.319
0.676 -13.327 -6.436
0.682 -13.302 -6.311
0.684 -13.185 -6.325
0.699 -13.343 -6.562
0.674 -13.815 -6.81
0.698 -13.431 -6.695
0.746 -13.341 -6.924
0.723 -13.468 -6.817
0.754 -13.316 -7.049
0.77 -13.196 -6.948
0.785 -13.069 -6.794
0.809 -12.929 -6.936
0.806 -12.851 -6.822
0.817 -12.074 -6.194
0.809 -12.171 -6.199
0.754 -12.433 -6.202
0.684 -13.194 -6.303
0.723 -12.558 -5.929
0.723 -12.693 -6.061
